Version 0.4
<setup information>
0.1
60.0
box,0.0,5.0,5.0,0,0,0,1,0,0,0
box,1000.5,1000.5,1000.5,1,9,1,1,0,0,0
box,1000.5,1000.5,1000.5,1,5,2,1,0,0,0
box,0.5,5.5,5.5,1,3,3,1,0,0,0
box,1000.5,1000.5,1000.5,1,2,5,1,0,0,0
box,1000.5,1000.5,1000.5,1,1,9,1,0,0,0
box,3.0,5.5,1.5,2,11,3,1,0,0,0
box,3.0,5.5,8.0,2,11,6,1,0,0,0
box,14.0,3.5,5.5,4,7,11,1,0,0,0
box,14.0,9.5,5.5,4,3,11,1,0,0,0
box,22.5,5.5,3.0,1,11,6,1,0,0,0
box,22.5,5.5,10.5,1,11,1,1,0,0,0
box,33.5,1.5,5.5,3,3,11,1,0,0,0
box,33.5,8.5,5.5,3,5,11,1,0,0,0
box,43.5,5.5,0.5,3,11,1,1,0,0,0
box,43.5,5.5,7.0,3,11,8,1,0,0,0
box,54.0,5.0,5.5,4,10,11,1,0,0,0
box,54.0,11.0,5.5,4,0,11,1,0,0,0
box,63.5,5.5,2.0,3,11,4,1,0,0,0
box,63.5,5.5,9.5,3,11,3,1,0,0,0
box,73.0,5.5,2.5,2,11,5,1,0,0,0
box,73.0,5.5,9.5,2,11,3,1,0,0,0
box,82.5,5.5,1.0,1,11,2,1,0,0,0
box,82.5,5.5,7.5,1,11,7,1,0,0,0
box,94.0,0.5,5.5,4,1,11,1,0,0,0
box,94.0,6.5,5.5,4,9,11,1,0,0,0
<\setup information>
<color information>
0xFFFFFF,0x0063ba,0x0063ba,0x0063ba,0x0063ba,0x0063ba,0x222222,0x222222,0x222222,0x222222,0x222222,0x222222,0x222222,0x222222,0x222222,0x222222,0x222222,0x222222,0x222222,0x222222,0x222222,0x222222,0x222222,0x222222,0x222222,0x222222
<\color information>
0.0,5.0,5.0,1000.5,1000.5,1000.5,1000.5,1000.5,1000.5,0.5,5.5,5.5,1000.5,1000.5,1000.5,1000.5,1000.5,1000.5,3.0,5.5,1.5,3.0,5.5,8.0,14.0,3.5,5.5,14.0,9.5,5.5,22.5,5.5,3.0,22.5,5.5,10.5,33.5,1.5,5.5,33.5,8.5,5.5,43.5,5.5,0.5,43.5,5.5,7.0,54.0,5.0,5.5,54.0,11.0,5.5,63.5,5.5,2.0,63.5,5.5,9.5,73.0,5.5,2.5,73.0,5.5,9.5,82.5,5.5,1.0,82.5,5.5,7.5,94.0,0.5,5.5,94.0,6.5,5.5
1,0,0,0,1,0,0,0,1,0,0,0,1,0,0,0,1,0,0,0,1,0,0,0,1,0,0,0,1,0,0,0,1,0,0,0,1,0,0,0,1,0,0,0,1,0,0,0,1,0,0,0,1,0,0,0,1,0,0,0,1,0,0,0,1,0,0,0,1,0,0,0,1,0,0,0,1,0,0,0,1,0,0,0,1,0,0,0,1,0,0,0,1,0,0,0,1,0,0,0,1,0,0,0
0xFFFFFF,0x0063ba,0x0063ba,0x0063ba,0x0063ba,0x0063ba,0x222222,0x222222,0x222222,0x222222,0x222222,0x222222,0x222222,0x222222,0x222222,0x222222,0x222222,0x222222,0x222222,0x222222,0x222222,0x222222,0x222222,0x222222,0x222222,0x222222
0.0,0.0,0.0,1.0,0.0,0.0,1.0,1.0,1.0,1.0,1.0,1.0,1.0,1.0,1.0,1.0,1.0,1.0,1.0,1.0,1.0,1.0,1.0,1.0,1.0,1.0
0.0,5.0,4.0,1000.5,1000.5,1000.5,0.5,5.5,5.0,1000.5,1000.5,1000.5,1000.5,1000.5,1000.5,1000.5,1000.5,1000.5,3.0,5.5,1.5,3.0,5.5,8.0,14.0,3.5,5.5,14.0,9.5,5.5,22.5,5.5,3.0,22.5,5.5,10.5,33.5,1.5,5.5,33.5,8.5,5.5,43.5,5.5,0.5,43.5,5.5,7.0,54.0,5.0,5.5,54.0,11.0,5.5,63.5,5.5,2.0,63.5,5.5,9.5,73.0,5.5,2.5,73.0,5.5,9.5,82.5,5.5,1.0,82.5,5.5,7.5,94.0,0.5,5.5,94.0,6.5,5.5
1,0,0,0,1,0,0,0,1,0,0,0,1,0,0,0,1,0,0,0,1,0,0,0,1,0,0,0,1,0,0,0,1,0,0,0,1,0,0,0,1,0,0,0,1,0,0,0,1,0,0,0,1,0,0,0,1,0,0,0,1,0,0,0,1,0,0,0,1,0,0,0,1,0,0,0,1,0,0,0,1,0,0,0,1,0,0,0,1,0,0,0,1,0,0,0,1,0,0,0,1,0,0,0
0xFFFFFF,0x0063ba,0x0063ba,0x0063ba,0x0063ba,0x0063ba,0x222222,0x222222,0x222222,0x222222,0x222222,0x222222,0x222222,0x222222,0x222222,0x222222,0x222222,0x222222,0x222222,0x222222,0x222222,0x222222,0x222222,0x222222,0x222222,0x222222
0.0,0.0,1.0,0.0,0.0,0.0,1.0,1.0,1.0,1.0,1.0,1.0,1.0,1.0,1.0,1.0,1.0,1.0,1.0,1.0,1.0,1.0,1.0,1.0,1.0,1.0
0.0,5.0,4.0,0.5,5.5,4.5,1000.5,1000.5,1000.5,1000.5,1000.5,1000.5,1000.5,1000.5,1000.5,1000.5,1000.5,1000.5,3.0,5.5,1.5,3.0,5.5,8.0,14.0,3.5,5.5,14.0,9.5,5.5,22.5,5.5,3.0,22.5,5.5,10.5,33.5,1.5,5.5,33.5,8.5,5.5,43.5,5.5,0.5,43.5,5.5,7.0,54.0,5.0,5.5,54.0,11.0,5.5,63.5,5.5,2.0,63.5,5.5,9.5,73.0,5.5,2.5,73.0,5.5,9.5,82.5,5.5,1.0,82.5,5.5,7.5,94.0,0.5,5.5,94.0,6.5,5.5
1,0,0,0,1,0,0,0,1,0,0,0,1,0,0,0,1,0,0,0,1,0,0,0,1,0,0,0,1,0,0,0,1,0,0,0,1,0,0,0,1,0,0,0,1,0,0,0,1,0,0,0,1,0,0,0,1,0,0,0,1,0,0,0,1,0,0,0,1,0,0,0,1,0,0,0,1,0,0,0,1,0,0,0,1,0,0,0,1,0,0,0,1,0,0,0,1,0,0,0,1,0,0,0
0xFFFFFF,0x0063ba,0x0063ba,0x0063ba,0x0063ba,0x0063ba,0x222222,0x222222,0x222222,0x222222,0x222222,0x222222,0x222222,0x222222,0x222222,0x222222,0x222222,0x222222,0x222222,0x222222,0x222222,0x222222,0x222222,0x222222,0x222222,0x222222
0.0,1.0,0.0,0.0,0.0,0.0,1.0,1.0,1.0,1.0,1.0,1.0,1.0,1.0,1.0,1.0,1.0,1.0,1.0,1.0,1.0,1.0,1.0,1.0,1.0,1.0
0.0,5.0,3.0,1000.5,1000.5,1000.5,0.5,5.5,4.0,1000.5,1000.5,1000.5,1000.5,1000.5,1000.5,1000.5,1000.5,1000.5,3.0,5.5,1.5,3.0,5.5,8.0,14.0,3.5,5.5,14.0,9.5,5.5,22.5,5.5,3.0,22.5,5.5,10.5,33.5,1.5,5.5,33.5,8.5,5.5,43.5,5.5,0.5,43.5,5.5,7.0,54.0,5.0,5.5,54.0,11.0,5.5,63.5,5.5,2.0,63.5,5.5,9.5,73.0,5.5,2.5,73.0,5.5,9.5,82.5,5.5,1.0,82.5,5.5,7.5,94.0,0.5,5.5,94.0,6.5,5.5
1,0,0,0,1,0,0,0,1,0,0,0,1,0,0,0,1,0,0,0,1,0,0,0,1,0,0,0,1,0,0,0,1,0,0,0,1,0,0,0,1,0,0,0,1,0,0,0,1,0,0,0,1,0,0,0,1,0,0,0,1,0,0,0,1,0,0,0,1,0,0,0,1,0,0,0,1,0,0,0,1,0,0,0,1,0,0,0,1,0,0,0,1,0,0,0,1,0,0,0,1,0,0,0
0xFFFFFF,0x0063ba,0x0063ba,0x0063ba,0x0063ba,0x0063ba,0x222222,0x222222,0x222222,0x222222,0x222222,0x222222,0x222222,0x222222,0x222222,0x222222,0x222222,0x222222,0x222222,0x222222,0x222222,0x222222,0x222222,0x222222,0x222222,0x222222
0.0,0.0,1.0,0.0,0.0,0.0,1.0,1.0,1.0,1.0,1.0,1.0,1.0,1.0,1.0,1.0,1.0,1.0,1.0,1.0,1.0,1.0,1.0,1.0,1.0,1.0
0.0,5.0,3.0,1000.5,1000.5,1000.5,1000.5,1000.5,1000.5,0.5,5.5,3.5,1000.5,1000.5,1000.5,1000.5,1000.5,1000.5,3.0,5.5,1.5,3.0,5.5,8.0,14.0,3.5,5.5,14.0,9.5,5.5,22.5,5.5,3.0,22.5,5.5,10.5,33.5,1.5,5.5,33.5,8.5,5.5,43.5,5.5,0.5,43.5,5.5,7.0,54.0,5.0,5.5,54.0,11.0,5.5,63.5,5.5,2.0,63.5,5.5,9.5,73.0,5.5,2.5,73.0,5.5,9.5,82.5,5.5,1.0,82.5,5.5,7.5,94.0,0.5,5.5,94.0,6.5,5.5
1,0,0,0,1,0,0,0,1,0,0,0,1,0,0,0,1,0,0,0,1,0,0,0,1,0,0,0,1,0,0,0,1,0,0,0,1,0,0,0,1,0,0,0,1,0,0,0,1,0,0,0,1,0,0,0,1,0,0,0,1,0,0,0,1,0,0,0,1,0,0,0,1,0,0,0,1,0,0,0,1,0,0,0,1,0,0,0,1,0,0,0,1,0,0,0,1,0,0,0,1,0,0,0
0xFFFFFF,0x0063ba,0x0063ba,0x0063ba,0x0063ba,0x0063ba,0x222222,0x222222,0x222222,0x222222,0x222222,0x222222,0x222222,0x222222,0x222222,0x222222,0x222222,0x222222,0x222222,0x222222,0x222222,0x222222,0x222222,0x222222,0x222222,0x222222
0.0,0.0,0.0,1.0,0.0,0.0,1.0,1.0,1.0,1.0,1.0,1.0,1.0,1.0,1.0,1.0,1.0,1.0,1.0,1.0,1.0,1.0,1.0,1.0,1.0,1.0
0.0,4.0,3.0,1000.5,1000.5,1000.5,1000.5,1000.5,1000.5,1000.5,1000.5,1000.5,0.5,5.0,3.5,1000.5,1000.5,1000.5,3.0,5.5,1.5,3.0,5.5,8.0,14.0,3.5,5.5,14.0,9.5,5.5,22.5,5.5,3.0,22.5,5.5,10.5,33.5,1.5,5.5,33.5,8.5,5.5,43.5,5.5,0.5,43.5,5.5,7.0,54.0,5.0,5.5,54.0,11.0,5.5,63.5,5.5,2.0,63.5,5.5,9.5,73.0,5.5,2.5,73.0,5.5,9.5,82.5,5.5,1.0,82.5,5.5,7.5,94.0,0.5,5.5,94.0,6.5,5.5
1,0,0,0,1,0,0,0,1,0,0,0,1,0,0,0,1,0,0,0,1,0,0,0,1,0,0,0,1,0,0,0,1,0,0,0,1,0,0,0,1,0,0,0,1,0,0,0,1,0,0,0,1,0,0,0,1,0,0,0,1,0,0,0,1,0,0,0,1,0,0,0,1,0,0,0,1,0,0,0,1,0,0,0,1,0,0,0,1,0,0,0,1,0,0,0,1,0,0,0,1,0,0,0
0xFFFFFF,0x0063ba,0x0063ba,0x0063ba,0x0063ba,0x0063ba,0x222222,0x222222,0x222222,0x222222,0x222222,0x222222,0x222222,0x222222,0x222222,0x222222,0x222222,0x222222,0x222222,0x222222,0x222222,0x222222,0x222222,0x222222,0x222222,0x222222
0.0,0.0,0.0,0.0,1.0,0.0,1.0,1.0,1.0,1.0,1.0,1.0,1.0,1.0,1.0,1.0,1.0,1.0,1.0,1.0,1.0,1.0,1.0,1.0,1.0,1.0
