Version 0.4
<setup information>
0.1
60.0
box,0.0,5.0,5.0,0,0,0,1,0,0,0
box,1000.5,1000.5,1000.5,1,9,1,1,0,0,0
box,1000.5,1000.5,1000.5,1,5,2,1,0,0,0
box,0.5,5.5,5.5,1,3,3,1,0,0,0
box,1000.5,1000.5,1000.5,1,2,5,1,0,0,0
box,1000.5,1000.5,1000.5,1,1,9,1,0,0,0
box,4.0,5.5,1.0,4,11,2,1,0,0,0
box,4.0,5.5,8.0,4,11,6,1,0,0,0
box,12.5,2.0,5.5,1,4,11,1,0,0,0
box,12.5,9.5,5.5,1,3,11,1,0,0,0
box,23.0,5.5,3.0,2,11,6,1,0,0,0
box,23.0,5.5,10.0,2,11,2,1,0,0,0
box,34.0,5.5,2.0,4,11,4,1,0,0,0
box,34.0,5.5,9.0,4,11,4,1,0,0,0
box,44.0,5.5,1.5,4,11,3,1,0,0,0
box,44.0,5.5,8.5,4,11,5,1,0,0,0
box,52.5,5.5,1.0,1,11,2,1,0,0,0
box,52.5,5.5,9.0,1,11,4,1,0,0,0
box,63.0,5.5,3.0,2,11,6,1,0,0,0
box,63.0,5.5,9.5,2,11,3,1,0,0,0
box,74.0,5.5,3.5,4,11,7,1,0,0,0
box,74.0,5.5,10.0,4,11,2,1,0,0,0
box,83.5,4.0,5.5,3,8,11,1,0,0,0
box,83.5,11.0,5.5,3,0,11,1,0,0,0
box,94.0,5.5,2.5,4,11,5,1,0,0,0
box,94.0,5.5,10.0,4,11,2,1,0,0,0
<\setup information>
<color information>
0xFFFFFF,0x0063ba,0x0063ba,0x0063ba,0x0063ba,0x0063ba,0x222222,0x222222,0x222222,0x222222,0x222222,0x222222,0x222222,0x222222,0x222222,0x222222,0x222222,0x222222,0x222222,0x222222,0x222222,0x222222,0x222222,0x222222,0x222222,0x222222
<\color information>
0.0,5.0,5.0,1000.5,1000.5,1000.5,1000.5,1000.5,1000.5,0.5,5.5,5.5,1000.5,1000.5,1000.5,1000.5,1000.5,1000.5,4.0,5.5,1.0,4.0,5.5,8.0,12.5,2.0,5.5,12.5,9.5,5.5,23.0,5.5,3.0,23.0,5.5,10.0,34.0,5.5,2.0,34.0,5.5,9.0,44.0,5.5,1.5,44.0,5.5,8.5,52.5,5.5,1.0,52.5,5.5,9.0,63.0,5.5,3.0,63.0,5.5,9.5,74.0,5.5,3.5,74.0,5.5,10.0,83.5,4.0,5.5,83.5,11.0,5.5,94.0,5.5,2.5,94.0,5.5,10.0
1,0,0,0,1,0,0,0,1,0,0,0,1,0,0,0,1,0,0,0,1,0,0,0,1,0,0,0,1,0,0,0,1,0,0,0,1,0,0,0,1,0,0,0,1,0,0,0,1,0,0,0,1,0,0,0,1,0,0,0,1,0,0,0,1,0,0,0,1,0,0,0,1,0,0,0,1,0,0,0,1,0,0,0,1,0,0,0,1,0,0,0,1,0,0,0,1,0,0,0,1,0,0,0
0xFFFFFF,0x0063ba,0x0063ba,0x0063ba,0x0063ba,0x0063ba,0x222222,0x222222,0x222222,0x222222,0x222222,0x222222,0x222222,0x222222,0x222222,0x222222,0x222222,0x222222,0x222222,0x222222,0x222222,0x222222,0x222222,0x222222,0x222222,0x222222
0.0,0.0,0.0,1.0,0.0,0.0,1.0,1.0,1.0,1.0,1.0,1.0,1.0,1.0,1.0,1.0,1.0,1.0,1.0,1.0,1.0,1.0,1.0,1.0,1.0,1.0
0.0,4.0,5.0,1000.5,1000.5,1000.5,1000.5,1000.5,1000.5,1000.5,1000.5,1000.5,0.5,5.0,5.5,1000.5,1000.5,1000.5,4.0,5.5,1.0,4.0,5.5,8.0,12.5,2.0,5.5,12.5,9.5,5.5,23.0,5.5,3.0,23.0,5.5,10.0,34.0,5.5,2.0,34.0,5.5,9.0,44.0,5.5,1.5,44.0,5.5,8.5,52.5,5.5,1.0,52.5,5.5,9.0,63.0,5.5,3.0,63.0,5.5,9.5,74.0,5.5,3.5,74.0,5.5,10.0,83.5,4.0,5.5,83.5,11.0,5.5,94.0,5.5,2.5,94.0,5.5,10.0
1,0,0,0,1,0,0,0,1,0,0,0,1,0,0,0,1,0,0,0,1,0,0,0,1,0,0,0,1,0,0,0,1,0,0,0,1,0,0,0,1,0,0,0,1,0,0,0,1,0,0,0,1,0,0,0,1,0,0,0,1,0,0,0,1,0,0,0,1,0,0,0,1,0,0,0,1,0,0,0,1,0,0,0,1,0,0,0,1,0,0,0,1,0,0,0,1,0,0,0,1,0,0,0
0xFFFFFF,0x0063ba,0x0063ba,0x0063ba,0x0063ba,0x0063ba,0x222222,0x222222,0x222222,0x222222,0x222222,0x222222,0x222222,0x222222,0x222222,0x222222,0x222222,0x222222,0x222222,0x222222,0x222222,0x222222,0x222222,0x222222,0x222222,0x222222
0.0,0.0,0.0,0.0,1.0,0.0,1.0,1.0,1.0,1.0,1.0,1.0,1.0,1.0,1.0,1.0,1.0,1.0,1.0,1.0,1.0,1.0,1.0,1.0,1.0,1.0
0.0,4.0,5.0,1000.5,1000.5,1000.5,1000.5,1000.5,1000.5,1000.5,1000.5,1000.5,1000.5,1000.5,1000.5,0.5,4.5,5.5,4.0,5.5,1.0,4.0,5.5,8.0,12.5,2.0,5.5,12.5,9.5,5.5,23.0,5.5,3.0,23.0,5.5,10.0,34.0,5.5,2.0,34.0,5.5,9.0,44.0,5.5,1.5,44.0,5.5,8.5,52.5,5.5,1.0,52.5,5.5,9.0,63.0,5.5,3.0,63.0,5.5,9.5,74.0,5.5,3.5,74.0,5.5,10.0,83.5,4.0,5.5,83.5,11.0,5.5,94.0,5.5,2.5,94.0,5.5,10.0
1,0,0,0,1,0,0,0,1,0,0,0,1,0,0,0,1,0,0,0,1,0,0,0,1,0,0,0,1,0,0,0,1,0,0,0,1,0,0,0,1,0,0,0,1,0,0,0,1,0,0,0,1,0,0,0,1,0,0,0,1,0,0,0,1,0,0,0,1,0,0,0,1,0,0,0,1,0,0,0,1,0,0,0,1,0,0,0,1,0,0,0,1,0,0,0,1,0,0,0,1,0,0,0
0xFFFFFF,0x0063ba,0x0063ba,0x0063ba,0x0063ba,0x0063ba,0x222222,0x222222,0x222222,0x222222,0x222222,0x222222,0x222222,0x222222,0x222222,0x222222,0x222222,0x222222,0x222222,0x222222,0x222222,0x222222,0x222222,0x222222,0x222222,0x222222
0.0,0.0,0.0,0.0,0.0,1.0,1.0,1.0,1.0,1.0,1.0,1.0,1.0,1.0,1.0,1.0,1.0,1.0,1.0,1.0,1.0,1.0,1.0,1.0,1.0,1.0
0.0,3.0,5.0,1000.5,1000.5,1000.5,1000.5,1000.5,1000.5,1000.5,1000.5,1000.5,0.5,4.0,5.5,1000.5,1000.5,1000.5,4.0,5.5,1.0,4.0,5.5,8.0,12.5,2.0,5.5,12.5,9.5,5.5,23.0,5.5,3.0,23.0,5.5,10.0,34.0,5.5,2.0,34.0,5.5,9.0,44.0,5.5,1.5,44.0,5.5,8.5,52.5,5.5,1.0,52.5,5.5,9.0,63.0,5.5,3.0,63.0,5.5,9.5,74.0,5.5,3.5,74.0,5.5,10.0,83.5,4.0,5.5,83.5,11.0,5.5,94.0,5.5,2.5,94.0,5.5,10.0
1,0,0,0,1,0,0,0,1,0,0,0,1,0,0,0,1,0,0,0,1,0,0,0,1,0,0,0,1,0,0,0,1,0,0,0,1,0,0,0,1,0,0,0,1,0,0,0,1,0,0,0,1,0,0,0,1,0,0,0,1,0,0,0,1,0,0,0,1,0,0,0,1,0,0,0,1,0,0,0,1,0,0,0,1,0,0,0,1,0,0,0,1,0,0,0,1,0,0,0,1,0,0,0
0xFFFFFF,0x0063ba,0x0063ba,0x0063ba,0x0063ba,0x0063ba,0x222222,0x222222,0x222222,0x222222,0x222222,0x222222,0x222222,0x222222,0x222222,0x222222,0x222222,0x222222,0x222222,0x222222,0x222222,0x222222,0x222222,0x222222,0x222222,0x222222
0.0,0.0,0.0,0.0,1.0,0.0,1.0,1.0,1.0,1.0,1.0,1.0,1.0,1.0,1.0,1.0,1.0,1.0,1.0,1.0,1.0,1.0,1.0,1.0,1.0,1.0
0.0,3.0,5.0,1000.5,1000.5,1000.5,1000.5,1000.5,1000.5,0.5,3.5,5.5,1000.5,1000.5,1000.5,1000.5,1000.5,1000.5,4.0,5.5,1.0,4.0,5.5,8.0,12.5,2.0,5.5,12.5,9.5,5.5,23.0,5.5,3.0,23.0,5.5,10.0,34.0,5.5,2.0,34.0,5.5,9.0,44.0,5.5,1.5,44.0,5.5,8.5,52.5,5.5,1.0,52.5,5.5,9.0,63.0,5.5,3.0,63.0,5.5,9.5,74.0,5.5,3.5,74.0,5.5,10.0,83.5,4.0,5.5,83.5,11.0,5.5,94.0,5.5,2.5,94.0,5.5,10.0
1,0,0,0,1,0,0,0,1,0,0,0,1,0,0,0,1,0,0,0,1,0,0,0,1,0,0,0,1,0,0,0,1,0,0,0,1,0,0,0,1,0,0,0,1,0,0,0,1,0,0,0,1,0,0,0,1,0,0,0,1,0,0,0,1,0,0,0,1,0,0,0,1,0,0,0,1,0,0,0,1,0,0,0,1,0,0,0,1,0,0,0,1,0,0,0,1,0,0,0,1,0,0,0
0xFFFFFF,0x0063ba,0x0063ba,0x0063ba,0x0063ba,0x0063ba,0x222222,0x222222,0x222222,0x222222,0x222222,0x222222,0x222222,0x222222,0x222222,0x222222,0x222222,0x222222,0x222222,0x222222,0x222222,0x222222,0x222222,0x222222,0x222222,0x222222
0.0,0.0,0.0,1.0,0.0,0.0,1.0,1.0,1.0,1.0,1.0,1.0,1.0,1.0,1.0,1.0,1.0,1.0,1.0,1.0,1.0,1.0,1.0,1.0,1.0,1.0
0.0,3.0,4.0,1000.5,1000.5,1000.5,0.5,3.5,5.0,1000.5,1000.5,1000.5,1000.5,1000.5,1000.5,1000.5,1000.5,1000.5,4.0,5.5,1.0,4.0,5.5,8.0,12.5,2.0,5.5,12.5,9.5,5.5,23.0,5.5,3.0,23.0,5.5,10.0,34.0,5.5,2.0,34.0,5.5,9.0,44.0,5.5,1.5,44.0,5.5,8.5,52.5,5.5,1.0,52.5,5.5,9.0,63.0,5.5,3.0,63.0,5.5,9.5,74.0,5.5,3.5,74.0,5.5,10.0,83.5,4.0,5.5,83.5,11.0,5.5,94.0,5.5,2.5,94.0,5.5,10.0
1,0,0,0,1,0,0,0,1,0,0,0,1,0,0,0,1,0,0,0,1,0,0,0,1,0,0,0,1,0,0,0,1,0,0,0,1,0,0,0,1,0,0,0,1,0,0,0,1,0,0,0,1,0,0,0,1,0,0,0,1,0,0,0,1,0,0,0,1,0,0,0,1,0,0,0,1,0,0,0,1,0,0,0,1,0,0,0,1,0,0,0,1,0,0,0,1,0,0,0,1,0,0,0
0xFFFFFF,0x0063ba,0x0063ba,0x0063ba,0x0063ba,0x0063ba,0x222222,0x222222,0x222222,0x222222,0x222222,0x222222,0x222222,0x222222,0x222222,0x222222,0x222222,0x222222,0x222222,0x222222,0x222222,0x222222,0x222222,0x222222,0x222222,0x222222
0.0,0.0,1.0,0.0,0.0,0.0,1.0,1.0,1.0,1.0,1.0,1.0,1.0,1.0,1.0,1.0,1.0,1.0,1.0,1.0,1.0,1.0,1.0,1.0,1.0,1.0
0.0,3.0,4.0,1000.5,1000.5,1000.5,0.5,3.5,5.0,1000.5,1000.5,1000.5,1000.5,1000.5,1000.5,1000.5,1000.5,1000.5,4.0,5.5,1.0,4.0,5.5,8.0,12.5,2.0,5.5,12.5,9.5,5.5,23.0,5.5,3.0,23.0,5.5,10.0,34.0,5.5,2.0,34.0,5.5,9.0,44.0,5.5,1.5,44.0,5.5,8.5,52.5,5.5,1.0,52.5,5.5,9.0,63.0,5.5,3.0,63.0,5.5,9.5,74.0,5.5,3.5,74.0,5.5,10.0,83.5,4.0,5.5,83.5,11.0,5.5,94.0,5.5,2.5,94.0,5.5,10.0
1,0,0,0,1,0,0,0,1,0,0,0,1,0,0,0,1,0,0,0,1,0,0,0,1,0,0,0,1,0,0,0,1,0,0,0,1,0,0,0,1,0,0,0,1,0,0,0,1,0,0,0,1,0,0,0,1,0,0,0,1,0,0,0,1,0,0,0,1,0,0,0,1,0,0,0,1,0,0,0,1,0,0,0,1,0,0,0,1,0,0,0,1,0,0,0,1,0,0,0,1,0,0,0
0xFFFFFF,0x0063ba,0x0063ba,0x0063ba,0x0063ba,0x0063ba,0x222222,0x222222,0x222222,0x222222,0x222222,0x222222,0x222222,0x222222,0x222222,0x222222,0x222222,0x222222,0x222222,0x222222,0x222222,0x222222,0x222222,0x222222,0x222222,0x222222
0.0,0.0,1.0,0.0,0.0,0.0,1.0,1.0,1.0,1.0,1.0,1.0,1.0,1.0,1.0,1.0,1.0,1.0,1.0,1.0,1.0,1.0,1.0,1.0,1.0,1.0
0.0,3.0,4.0,1000.5,1000.5,1000.5,0.5,3.5,5.0,1000.5,1000.5,1000.5,1000.5,1000.5,1000.5,1000.5,1000.5,1000.5,4.0,5.5,1.0,4.0,5.5,8.0,12.5,2.0,5.5,12.5,9.5,5.5,23.0,5.5,3.0,23.0,5.5,10.0,34.0,5.5,2.0,34.0,5.5,9.0,44.0,5.5,1.5,44.0,5.5,8.5,52.5,5.5,1.0,52.5,5.5,9.0,63.0,5.5,3.0,63.0,5.5,9.5,74.0,5.5,3.5,74.0,5.5,10.0,83.5,4.0,5.5,83.5,11.0,5.5,94.0,5.5,2.5,94.0,5.5,10.0
1,0,0,0,1,0,0,0,1,0,0,0,1,0,0,0,1,0,0,0,1,0,0,0,1,0,0,0,1,0,0,0,1,0,0,0,1,0,0,0,1,0,0,0,1,0,0,0,1,0,0,0,1,0,0,0,1,0,0,0,1,0,0,0,1,0,0,0,1,0,0,0,1,0,0,0,1,0,0,0,1,0,0,0,1,0,0,0,1,0,0,0,1,0,0,0,1,0,0,0,1,0,0,0
0xFFFFFF,0x0063ba,0x0063ba,0x0063ba,0x0063ba,0x0063ba,0x222222,0x222222,0x222222,0x222222,0x222222,0x222222,0x222222,0x222222,0x222222,0x222222,0x222222,0x222222,0x222222,0x222222,0x222222,0x222222,0x222222,0x222222,0x222222,0x222222
0.0,0.0,1.0,0.0,0.0,0.0,1.0,1.0,1.0,1.0,1.0,1.0,1.0,1.0,1.0,1.0,1.0,1.0,1.0,1.0,1.0,1.0,1.0,1.0,1.0,1.0
0.0,3.0,4.0,1000.5,1000.5,1000.5,0.5,3.5,5.0,1000.5,1000.5,1000.5,1000.5,1000.5,1000.5,1000.5,1000.5,1000.5,4.0,5.5,1.0,4.0,5.5,8.0,12.5,2.0,5.5,12.5,9.5,5.5,23.0,5.5,3.0,23.0,5.5,10.0,34.0,5.5,2.0,34.0,5.5,9.0,44.0,5.5,1.5,44.0,5.5,8.5,52.5,5.5,1.0,52.5,5.5,9.0,63.0,5.5,3.0,63.0,5.5,9.5,74.0,5.5,3.5,74.0,5.5,10.0,83.5,4.0,5.5,83.5,11.0,5.5,94.0,5.5,2.5,94.0,5.5,10.0
1,0,0,0,1,0,0,0,1,0,0,0,1,0,0,0,1,0,0,0,1,0,0,0,1,0,0,0,1,0,0,0,1,0,0,0,1,0,0,0,1,0,0,0,1,0,0,0,1,0,0,0,1,0,0,0,1,0,0,0,1,0,0,0,1,0,0,0,1,0,0,0,1,0,0,0,1,0,0,0,1,0,0,0,1,0,0,0,1,0,0,0,1,0,0,0,1,0,0,0,1,0,0,0
0xFFFFFF,0x0063ba,0x0063ba,0x0063ba,0x0063ba,0x0063ba,0x222222,0x222222,0x222222,0x222222,0x222222,0x222222,0x222222,0x222222,0x222222,0x222222,0x222222,0x222222,0x222222,0x222222,0x222222,0x222222,0x222222,0x222222,0x222222,0x222222
0.0,0.0,1.0,0.0,0.0,0.0,1.0,1.0,1.0,1.0,1.0,1.0,1.0,1.0,1.0,1.0,1.0,1.0,1.0,1.0,1.0,1.0,1.0,1.0,1.0,1.0
0.0,3.0,4.0,1000.5,1000.5,1000.5,0.5,3.5,5.0,1000.5,1000.5,1000.5,1000.5,1000.5,1000.5,1000.5,1000.5,1000.5,4.0,5.5,1.0,4.0,5.5,8.0,12.5,2.0,5.5,12.5,9.5,5.5,23.0,5.5,3.0,23.0,5.5,10.0,34.0,5.5,2.0,34.0,5.5,9.0,44.0,5.5,1.5,44.0,5.5,8.5,52.5,5.5,1.0,52.5,5.5,9.0,63.0,5.5,3.0,63.0,5.5,9.5,74.0,5.5,3.5,74.0,5.5,10.0,83.5,4.0,5.5,83.5,11.0,5.5,94.0,5.5,2.5,94.0,5.5,10.0
1,0,0,0,1,0,0,0,1,0,0,0,1,0,0,0,1,0,0,0,1,0,0,0,1,0,0,0,1,0,0,0,1,0,0,0,1,0,0,0,1,0,0,0,1,0,0,0,1,0,0,0,1,0,0,0,1,0,0,0,1,0,0,0,1,0,0,0,1,0,0,0,1,0,0,0,1,0,0,0,1,0,0,0,1,0,0,0,1,0,0,0,1,0,0,0,1,0,0,0,1,0,0,0
0xFFFFFF,0x0063ba,0x0063ba,0x0063ba,0x0063ba,0x0063ba,0x222222,0x222222,0x222222,0x222222,0x222222,0x222222,0x222222,0x222222,0x222222,0x222222,0x222222,0x222222,0x222222,0x222222,0x222222,0x222222,0x222222,0x222222,0x222222,0x222222
0.0,0.0,1.0,0.0,0.0,0.0,1.0,1.0,1.0,1.0,1.0,1.0,1.0,1.0,1.0,1.0,1.0,1.0,1.0,1.0,1.0,1.0,1.0,1.0,1.0,1.0
